function compare_algos()

samples_rand = [24, 35, 29, 27, 33, 27, 22, 25, 26, 28, 26, 32, 29, 32, 37, 33, 39, 19, 37, 21, 25, 29, 33, 26, 33, 30, 25, 23, 26, 19, 20, 33, 22, 25, 37, 22, 30, 22, 43, 38, 27, 37, 27, 30, 26, 23, 28, 25, 37, 28, 21, 30, 22, 28, 41, 31, 23, 30, 28, 29, 36, 32, 39, 29, 37, 32, 25, 28, 27, 35, 27, 29, 35, 34, 27, 29, 27, 36, 32, 22, 40, 28, 28, 29, 31, 30, 23, 36, 41, 28, 29, 39, 35, 32, 27, 22, 20, 28, 18, 31, 40, 39, 43, 23, 29, 33, 32, 37, 33, 36, 34, 42, 38, 26, 35, 30, 38, 28, 39, 43, 30, 25, 30, 20, 32, 17, 29, 19, 28, 15, 29, 29, 25, 21, 30, 32, 35, 32, 29, 38, 19, 24, 30, 36, 31, 27, 19, 43, 23, 24, 31, 28, 20, 27, 28, 35, 38, 34, 24, 25, 43, 26, 33, 28, 25, 31, 24, 36, 36, 27, 27, 32, 29, 27, 26, 23, 13, 20, 29, 39, 33, 23, 20, 30, 20, 30, 25, 36, 27, 34, 33, 30, 32, 34, 35, 38, 30, 36, 25, 36, 35, 26, 22, 41, 29, 24, 35, 23, 38, 21, 32, 25, 20, 17, 27, 21, 36, 20, 25, 20, 38, 32, 22, 33, 34, 29, 29, 36, 31, 36, 37, 40, 30, 35, 27, 35, 24, 33, 26, 18, 35, 35, 35, 22, 32, 35, 27, 27, 33, 35, 40, 30, 31, 34, 20, 37, 34, 28, 38, 31, 22, 30, 36, 21, 33, 29, 27, 32, 35, 39, 36, 29, 32, 41, 34, 28, 33, 21, 28, 33, 26, 21, 25, 22, 26, 33, 22, 27, 26, 30, 20, 41, 43, 31, 30, 33, 25, 32, 47, 27, 26, 36, 22, 34, 31, 48, 24, 20, 30, 23, 35, 32, 41, 30, 25, 38, 28, 32, 32, 40, 33, 32, 27, 20, 32, 30, 22, 28, 31, 35, 26, 37, 29, 29, 39, 32, 37, 27, 22, 35, 27, 45, 30, 35, 24, 32, 24, 35, 23, 23, 27, 29, 36, 34, 26, 32, 25, 25, 33, 16, 29, 28, 25, 19, 31, 25, 30, 24, 36, 29, 28, 36, 30, 27, 32, 26, 38, 29, 23, 30, 24, 24, 43, 21, 29, 17, 38, 25, 34, 28, 29, 32, 31, 30, 27, 30, 34, 29, 21, 22, 32, 28, 33, 43, 34, 22, 31, 30, 25, 31, 29, 25, 31, 33, 40, 29, 23, 17, 24, 22, 25, 28, 42, 25, 31, 23, 38, 31, 32, 34, 35, 24, 34, 36, 20, 31, 22, 28, 20, 35, 31, 34, 29, 35, 24, 32, 35, 29, 21, 24, 31, 29, 30, 20, 38, 35, 20, 25, 19, 36, 27, 21, 25, 25, 30, 19, 31, 22, 41, 35, 23, 29, 27, 27, 28, 24, 43, 23, 27, 41, 25, 33, 25, 19, 25, 28, 33, 26, 33, 30, 34, 35, 25, 24, 31, 29, 33, 19, 35, 22, 26, 25, 32, 28, 34, 36, 38, 30, 19, 32, 45, 28, 29, 25, 36, 32, 30, 35, 22, 30, 30, 22, 34, 39, 19, 29, 20, 31, 28, 34, 20, 29, 30, 33, 30, 39, 26, 20, 21, 35, 26, 28, 39, 25, 22, 27, 27, 29, 33, 31, 26, 22, 26, 33, 37, 31, 31, 29, 33, 29, 20, 32, 23, 28, 27, 32, 39, 26, 34, 26, 27, 32, 34, 26, 34, 29, 26, 26, 45, 39, 39, 37, 32, 39, 19, 37, 29, 38, 36, 37, 27, 31, 28, 33, 26, 26, 28, 33, 27, 33, 25, 38, 31, 21, 34, 32, 32, 23, 31, 36, 33, 29, 33, 19, 34, 30, 25, 30, 33, 30, 25, 38, 22, 24, 27, 27, 33, 30, 31, 22, 27, 31, 33, 18, 21, 29, 39, 35, 37, 25, 35, 23, 35, 37, 25, 26, 29, 38, 26, 27, 32, 24, 33, 44, 34, 30, 33, 28, 35, 44, 22, 37, 23, 31, 26, 33, 28, 33, 37, 28, 25, 46, 33, 23, 29, 29, 24, 38, 31, 28, 38, 32, 21, 29, 29, 22, 35, 31, 29, 35, 38, 39, 24, 33, 27, 24, 30, 22, 39, 27, 19, 20, 27, 31, 29, 32, 39, 33, 35, 21, 31, 23, 36, 34, 15, 26, 37, 36, 30, 25, 26, 39, 44, 36, 27, 27, 18, 30, 36, 17, 41, 30, 34, 39, 21, 27, 22, 30, 30, 28, 34, 30, 27, 21, 29, 26, 38, 28, 21, 25, 32, 37, 26, 24, 33, 31, 33, 34, 24, 29, 30, 31, 29, 34, 22, 25, 23, 23, 24, 25, 44, 31, 28, 35, 41, 39, 29, 23, 34, 27, 30, 33, 37, 41, 29, 31, 26, 30, 29, 35, 20, 26, 27, 19, 17, 32, 31, 26, 33, 22, 28, 26, 33, 27, 29, 35, 26, 34, 29, 25, 37, 25, 33, 27, 21, 26, 35, 29, 26, 26, 37, 37, 26, 41, 24, 27, 31, 29, 32, 31, 32, 27, 38, 35, 37, 25, 33, 35, 35, 30, 20, 35, 25, 39, 20, 41, 32, 33, 35, 29, 39, 30, 39, 33, 24, 27, 35, 40, 20, 35, 26, 29, 39, 35, 40, 37, 26, 42, 16, 17, 41, 30, 41, 29, 29, 28, 33, 21, 40, 33, 38, 25, 37, 29, 31, 20, 32, 34, 33, 28, 28, 29, 32, 32, 27, 25, 30, 24, 45, 28, 41, 24, 32, 37, 35, 26, 27, 30, 35, 32, 24, 33, 19, 30, 23, 38, 22, 28, 28, 28, 36, 30, 38, 36, 26, 30, 26, 45, 35, 23, 30, 29, 28, 31, 16, 38, 37, 28, 20, 39, 27, 31, 28, 37, 31, 29, 16, 33, 14, 29, 29, 29, 24, 22, 23, 26, 40, 39, 37, 21, 37, 30, 22, 30, 31, 28, 31, 17, 27, 28, 28, 26, 26, 31, 25, 28, 38, 33, 39, 31, 29, 25, 23, 33, 36, 19, 30, 23, 35, 29, 23, 31, 32, 23, 28, 30, 28, 32, 32, 37];

